3 3
100
3 4
100
3 5
100
3 6
100
3 7
100
3 8
100
3 9
100
3 10
100
3 11
100
3 12
100
3 13
100
3 14
100
3 15
100
3 16
100
3 17
100
3 18
100
3 19
100
3 20
100
3 21
100
3 22
100
3 23
100
3 24
100
3 25
100
3 26
100
4 3
100
4 4
100
4 5
100
4 6
100
4 7
100
4 8
4 9
100
4 10
100
4 11
100
4 12
100
4 13
100
4 14
100
4 15
100
4 16
100
4 17
100
4 18
100
4 19
100
4 20
100
4 21
100
4 22
100
4 23
100
4 24
100
4 25
100
4 26
100
5 3
100
5 4
100
5 5
100
5 6
100
5 7
100
5 8
100
5 9
100
5 10
100
5 11
100
5 12
100
5 13
100
5 14
100
5 15
100
5 16
100
5 17
100
5 18
100
5 19
100
5 20
100
5 21
100
5 22
100
5 23
53.1111
5 24
72
5 25
100
5 26
100
6 3
100
6 4
100
6 5
100
6 6
100
6 7
100
6 8
100
6 9
100
6 10
100
6 11
100
6 12
100
6 13
100
6 14
100
6 15
100
6 16
100
6 17
100
6 18
100
6 19
100
6 20
100
6 21
100
6 22
100
6 23
100
6 24
100
6 25
100
6 26
100
7 3
100
7 4
100
7 5
100
7 6
100
7 7
100
7 8
100
7 9
100
7 10
100
7 11
100
7 12
100
7 13
100
7 14
100
7 15
100
7 16
100
7 17
100
7 18
100
7 19
100
7 20
100
7 21
100
7 22
99.8889
7 23
100
7 24
100
7 25
99.8889
7 26
100
8 3
100
8 4
100
8 5
100
8 6
100
8 7
100
8 8
100
8 9
100
8 10
100
8 11
100
8 12
100
8 13
100
8 14
100
8 15
100
8 16
100
8 17
100
8 18
100
8 19
100
8 20
100
8 21
100
8 22
100
8 23
100
8 24
100
8 25
100
8 26
9 3
100
9 4
100
9 5
100
9 6
100
9 7
100
9 8
100
9 9
100
9 10
100
9 11
100
9 12
100
9 13
100
9 14
100
9 15
100
9 16
100
9 17
100
9 18
100
9 19
100
9 20
100
9 21
100
9 22
100
9 23
100
9 24
72.1111
9 25
100
9 26
10 3
100
10 4
100
10 5
100
10 6
100
10 7
100
10 8
100
10 9
100
10 10
100
10 11
100
10 12
100
10 13
100
10 14
47.3333
10 15
88.4444
10 16
100
10 17
100
10 18
61.8889
10 19
100
10 20
100
10 21
100
10 22
100
10 23
100
10 24
100
10 25
100
10 26
100
11 3
100
11 4
100
11 5
100
11 6
100
11 7
100
11 8
100
11 9
100
11 10
100
11 11
100
11 12
100
11 13
100
11 14
11 15
88.6667
11 16
100
11 17
100
11 18
100
11 19
100
11 20
100
11 21
100
11 22
100
11 23
100
11 24
100
11 25
100
11 26
100
12 3
100
12 4
100
12 5
100
12 6
100
12 7
100
12 8
100
12 9
100
12 10
100
12 11
100
12 12
100
12 13
100
12 14
12 15
88.8889
12 16
100
12 17
100
12 18
100
12 19
100
12 20
95.3333
12 21
100
12 22
100
12 23
100
12 24
100
12 25
100
12 26
100
13 3
100
13 4
100
13 5
100
13 6
100
13 7
100
13 8
100
13 9
100
13 10
100
13 11
100
13 12
100
13 13
100
13 14
13 15
77.1111
13 16
99.8889
13 17
99.3333
13 18
100
13 19
100
13 20
95.3333
13 21
100
13 22
100
13 23
100
13 24
100
13 25
100
13 26
100
14 3
100
14 4
100
14 5
100
14 6
100
14 7
100
14 8
100
14 9
100
14 10
100
14 11
100
14 12
100
14 13
100
14 14
14 15
47.7778
14 16
99.8889
14 17
100
14 18
100
14 19
99.8889
14 20
95.3333
14 21
100
14 22
100
14 23
100
14 24
100
14 25
100
14 26
15 3
100
15 4
100
15 5
100
15 6
100
15 7
100
15 8
100
15 9
100
15 10
100
15 11
100
15 12
100
15 13
100
15 14
15 15
33
15 16
99.8889
15 17
100
15 18
100
15 19
100
15 20
100
15 21
100
15 22
100
15 23
100
15 24
100
15 25
24
15 26
100
16 3
100
16 4
100
16 5
100
16 6
100
16 7
100
16 8
100
16 9
100
16 10
100
16 11
100
16 12
100
16 13
100
16 14
100
16 15
100
16 16
99.8889
16 17
100
16 18
100
16 19
16 20
100
16 21
100
16 22
16 23
99.8889
16 24
100
16 25
23.2222
16 26
100
17 3
100
17 4
100
17 5
100
17 6
100
17 7
100
17 8
17 9
17 10
17 11
17 12
17 13
17 14
17 15
100
17 16
100
17 17
100
17 18
100
17 19
95.3333
17 20
17 21
100
17 22
17 23
100
17 24
100
17 25
100
17 26
100
18 3
100
18 4
100
18 5
100
18 6
100
18 7
100
18 8
18 9
100
18 10
100
18 11
100
18 12
100
18 13
100
18 14
18 15
100
18 16
100
18 17
100
18 18
100
18 19
100
18 20
100
18 21
85.5556
18 22
18 23
100
18 24
100
18 25
100
18 26
100
19 3
100
19 4
100
19 5
100
19 6
100
19 7
100
19 8
19 9
100
19 10
100
19 11
100
19 12
100
19 13
100
19 14
19 15
100
19 16
99.8889
19 17
100
19 18
81.8889
19 19
100
19 20
19 21
99.8889
19 22
96.3333
19 23
100
19 24
100
19 25
100
19 26
100
20 3
100
20 4
20 5
100
20 6
100
20 7
100
20 8
20 9
100
20 10
100
20 11
100
20 12
100
20 13
100
20 14
100
20 15
100
20 16
100
20 17
100
20 18
100
20 19
100
20 20
100
20 21
20 22
100
20 23
100
20 24
100
20 25
100
20 26
100
21 3
100
21 4
100
21 5
100
21 6
100
21 7
100
21 8
21 9
100
21 10
100
21 11
100
21 12
100
21 13
100
21 14
21 15
100
21 16
100
21 17
100
21 18
95.7778
21 19
100
21 20
100
21 21
100
21 22
100
21 23
100
21 24
100
21 25
100
21 26
100
22 3
100
22 4
100
22 5
100
22 6
100
22 7
100
22 8
22 9
100
22 10
100
22 11
100
22 12
100
22 13
100
22 14
22 15
100
22 16
100
22 17
100
22 18
100
22 19
99
22 20
100
22 21
63.2222
22 22
99.8889
22 23
100
22 24
100
22 25
100
22 26
100
23 3
100
23 4
100
23 5
100
23 6
100
23 7
100
23 8
23 9
23 10
23 11
23 12
23 13
23 14
23 15
100
23 16
100
23 17
100
23 18
100
23 19
100
23 20
100
23 21
100
23 22
100
23 23
23 24
100
23 25
100
23 26
100
24 3
100
24 4
100
24 5
100
24 6
100
24 7
100
24 8
100
24 9
100
24 10
100
24 11
100
24 12
100
24 13
100
24 14
100
24 15
100
24 16
100
24 17
100
24 18
100
24 19
100
24 20
100
24 21
100
24 22
100
24 23
95.7778
24 24
100
24 25
100
24 26
100
25 3
100
25 4
100
25 5
100
25 6
100
25 7
100
25 8
100
25 9
88.4444
25 10
100
25 11
100
25 12
100
25 13
100
25 14
100
25 15
100
25 16
100
25 17
100
25 18
100
25 19
100
25 20
100
25 21
100
25 22
100
25 23
100
25 24
100
25 25
100
25 26
100
26 3
100
26 4
100
26 5
100
26 6
100
26 7
100
26 8
100
26 9
100
26 10
100
26 11
100
26 12
100
26 13
100
26 14
100
26 15
100
26 16
100
26 17
100
26 18
100
26 19
100
26 20
100
26 21
100
26 22
98.1111
26 23
100
26 24
100
26 25
100
26 26
100
